2.5		0.00315		0
2.4985402	0.0033548	0
2.4941645	0.0039675	0
2.486883	0.0049845	0
2.4767125	0.0063988	0
2.4636772	0.008201	0
2.4478072	0.0103798	0
2.4291398	0.0129213	0
2.4077182	0.0158095	0
2.383593	0.019027	0
2.35682		0.0225543	0
2.3274622	0.0263713	0
2.2955877	0.0304557	0
2.2612713	0.0347857	0
2.224593	0.0393377	0
2.1856385	0.0440883	0
2.1444987	0.0490127	0
2.1012697	0.0540867	0
2.0560527	0.0592855	0
2.0089533	0.0645842	0
1.960081	0.069957	0
1.9095505	0.0753788	0
1.8574793	0.0808235	0
1.8039895	0.0862645	0
1.7492057	0.091675	0
1.6932562	0.0970273	0
1.6362713	0.1022935	0
1.5783843	0.1074445	0
1.5197303	0.1124505	0
1.4604465	0.117281	0
1.4006708	0.1219047	0
1.3405435	0.1262903	0
1.2802047	0.130405	0
1.2197953	0.1342165	0
1.1594565	0.1376923	0
1.0993293	0.1408		0
1.0395537	0.1435083	0
0.9802698	0.1457863	0
0.9216157	0.1476047	0
0.8637287	0.1489367	0
0.806744	0.149757	0
0.7507943	0.150043	0
0.6960105	0.1497755	0
0.6425208	0.1489388	0
0.5904497	0.1475202	0
0.539919	0.145512	0
0.4910468	0.14291		0
0.4439472	0.139714	0
0.3987302	0.1359287	0
0.3555013	0.1315627	0
0.3143615	0.1266282	0
0.275407	0.1211418	0
0.2387288	0.1151222	0
0.2044122	0.1085927	0
0.172538	0.1015775	0
0.14318		0.0941035	0
0.116407	0.086198	0
0.0922817	0.0778898	0
0.0708603	0.0692068	0
0.0521927	0.0601765	0
0.0363227	0.050825	0
0.0232872	0.0411765	0
0.013117	0.0312527	0
0.0058355	0.0210722	0
0.0014598	0.0106507	0
0		0		0
0.0014598	-0.0106507	0
0.0058355	-0.0210722	0
0.013117	-0.0312527	0
0.0232872	-0.0411765	0
0.0363227	-0.050825	0
0.0521927	-0.0601765	0
0.0708603	-0.0692068	0
0.0922817	-0.0778898	0
0.116407	-0.086198	0
0.14318		-0.0941035	0
0.172538	-0.1015775	0
0.2044122	-0.1085927	0
0.2387288	-0.1151222	0
0.275407	-0.1211418	0
0.3143615	-0.1266282	0
0.3555013	-0.1315627	0
0.3987302	-0.1359287	0
0.4439472	-0.139714	0
0.4910468	-0.14291	0
0.539919	-0.145512	0
0.5904497	-0.1475202	0
0.6425208	-0.1489388	0
0.6960105	-0.1497755	0
0.7507943	-0.150043	0
0.806744	-0.149757	0
0.8637287	-0.1489367	0
0.9216157	-0.1476047	0
0.9802698	-0.1457863	0
1.0395537	-0.1435083	0
1.0993293	-0.1408		0
1.1594565	-0.1376923	0
1.2197953	-0.1342165	0
1.2802047	-0.130405	0
1.3405435	-0.1262903	0
1.4006708	-0.1219047	0
1.4604465	-0.117281	0
1.5197303	-0.1124505	0
1.5783843	-0.1074445	0
1.6362713	-0.1022935	0
1.6932562	-0.0970273	0
1.7492057	-0.091675	0
1.8039895	-0.0862645	0
1.8574793	-0.0808235	0
1.9095505	-0.0753788	0
1.960081	-0.069957	0
2.0089533	-0.0645842	0
2.0560527	-0.0592855	0
2.1012697	-0.0540867	0
2.1444987	-0.0490127	0
2.1856385	-0.0440883	0
2.224593	-0.0393377	0
2.2612713	-0.0347857	0
2.2955877	-0.0304557	0
2.3274622	-0.0263713	0
2.35682		-0.0225543	0
2.383593	-0.019027	0
2.4077182	-0.0158095	0
2.4291398	-0.0129213	0
2.4478072	-0.0103798	0
2.4636772	-0.008201	0
2.4767125	-0.0063988	0
2.486883	-0.0049845	0
2.4941645	-0.0039675	0
2.4985402	-0.0033548	0
2.5		-0.00315	0
